10
95.12723008783564 40.59244329398513 -74.29748394982633 -97.70157822793226 43.31555782483878 16.21943885019293 -20.31681617999442 58.82723378438175 -22.20024259967373 -0.633449957736886 
-63.66432139558598 16.06098575484984 15.649861233993207 -44.590992642024105 -52.86761463606806 -17.75235103845141 38.59283442303553 48.66725180527419 -1.7394122734133646 -47.422814075412646 
22.123799234178733 11.389376859171122 97.22062408440993 -68.3353502651747 -60.02013809427083 14.67797009557465 -16.40920871108007 40.53954872181916 -10.509996361245143 86.27448463932325 
-41.037237458800455 15.956498750234061 75.95653392110762 21.962423354492387 22.005671026467894 55.77982905455602 -79.84374525698271 80.64885612494191 78.31054688252738 -91.5623875714972 
73.94371436097703 36.97516466024811 56.766323450838996 33.69412394229951 -40.7872236756573 -8.794370641370293 -22.183094988066813 -57.226478624208866 29.82042822619934 -55.27478647517805 
27.090686342796857 70.6733237100687 -17.68269317571493 56.58698863822903 -61.91866582773602 -31.48319875306838 -54.82206926270683 -25.013466661788385 57.31130025898642 66.96887938981868 
-59.99473424430275 68.7831571838658 43.11153696921451 63.41770730184538 78.13293110547764 -46.83066584611151 54.0160846801036 -44.13321449726819 74.49721015598166 50.84400019408187 
53.344421508751566 30.134143683522154 67.64050100585038 42.81817544691418 96.25549544663048 18.889405996324356 39.80438199762631 41.967482356237184 -13.10329867771614 -31.518009755425695 
-88.25869939217294 -29.071258662008574 60.81026795567223 71.57037399709202 -12.329482421794367 15.843965426264475 10.692644401031387 -47.167923658359825 -93.93112003779636 -57.863939411058894 
54.00962483307703 -78.04280801660038 -65.2533936004202 -63.778778589771456 -92.41144902440361 25.548935802149103 23.576906158339696 -1.1182086819775776 -16.69336281670786 0.7568755815890285 
-93.55273813038909 -3.248642732944674 -99.83278927594152 -53.775545032964935 87.65202528898163 -45.865041167268174 -40.041429084691686 9.824097061505313 -9.561616198041051 -49.36867248629453 
