
L = 
   1.000    0.000    0.000    0.000    0.000 
   0.000    1.000    0.000    0.000    0.000 
   0.000    1.000    1.000    0.000    0.000 
   0.000    0.000   -0.000    1.000    0.000 
   0.000    0.000   -0.333   -0.067    1.000 

U = 
   1.000    0.000    0.000    1.000    4.000 
   0.000    1.000    3.000    2.000    2.000 
   0.000    0.000   -3.000   -2.000   -1.000 
   0.000    0.000    0.000   -5.000    9.000 
   0.000    0.000    0.000    0.000    3.267 

p = 
       0        1        4        3        2 

Solucao x = 
  -3.837   -1.041   -0.796    0.673    1.041 
Solucao lambda = 
   1.000    0.959    0.122   -0.592   -0.959 
