
L = 
   1.000    0.000    0.000    0.000    0.000    0.000    0.000    0.000    0.000    0.000 
   0.568    1.000    0.000    0.000    0.000    0.000    0.000    0.000    0.000    0.000 
   0.233   -0.019    1.000    0.000    0.000    0.000    0.000    0.000    0.000    0.000 
   0.777   -0.054    0.993    1.000    0.000    0.000    0.000    0.000    0.000    0.000 
   0.285   -0.585   -0.088    0.488    1.000    0.000    0.000    0.000    0.000    0.000 
  -0.431   -0.331    0.318   -0.054   -0.169    1.000    0.000    0.000    0.000    0.000 
   0.561   -0.073    0.944    0.906   -0.966    0.316    1.000    0.000    0.000    0.000 
  -0.631   -0.934   -0.222   -0.104    0.143   -0.338    0.972    1.000    0.000    0.000 
  -0.928   -0.085   -0.088   -0.154   -0.070    0.452    0.544    0.945    1.000    0.000 
  -0.669   -0.428   -0.385   -0.848    0.755   -0.242    0.905    0.851    0.222    1.000 

U = 
  95.127   40.592  -74.297  -97.702   43.316   16.219  -20.317   58.827  -22.200   -0.633 
   0.000  -101.090  -23.070   -8.308  -117.004   16.340   35.112  -34.518   -4.089    1.117 
   0.000    0.000  114.055  -45.773  -72.350   11.221  -11.007   26.193   -5.426   86.443 
   0.000    0.000    0.000  154.656   -8.874  -31.670    6.425  -130.820   52.247  -140.579 
   0.000    0.000    0.000    0.000  -144.692  -10.094  -32.609    4.241   35.249  144.051 
   0.000    0.000    0.000    0.000    0.000   61.195  -78.652   79.898   77.900  -102.200 
   0.000    0.000    0.000    0.000    0.000    0.000   51.705   79.155  -33.790  186.238 
   0.000    0.000    0.000    0.000    0.000    0.000    0.000  -97.618  115.077  -180.331 
   0.000    0.000    0.000    0.000    0.000    0.000    0.000    0.000  -230.480   53.101 
   0.000    0.000    0.000    0.000    0.000    0.000    0.000    0.000    0.000  -293.778 

p = 
       0        9        2        4        5        3        7        6        8        1 

Solucao x = 
   0.926   -2.617    0.831    0.289    0.644   -5.508   -1.331    0.770   -0.135   -1.003 
Solucao lambda = 
  -0.132    0.195   -0.624   -0.324   -0.102   -0.907   -0.805   -1.077   -0.819   -1.834 
